E A S Y Q U E S T I O N    Merge sort (Bottom Up approach)

[E] [A] [S] [Y] [Q] [U] [E] [S] [T] [I] [O] [N]

[A E] [S Y] [Q U] [E S] [I T] [N O]

[A E S Y] [E Q S U] [I N O T]

[A E E Q S S U Y] [I N O T]

[A E E I N O Q S S T U Y]


3. Given size N=39;
	
	the size is:39

Top - Down approach

[39]

[19]||[20]
  
[9|10]||[10|10]

[4|5|5|5]||[5|5|5|5]

[2|2|3|2|3|2|3|2]||[3|2|3|2|3|2|3|2]

[1|1|1|1|2|1|1|1|2|1|1|1|2|1|1|1]||[2|1|1|1|2|1|1|1|2|1|1|1|2|1|1|1] 

[1|1|1|1|1|1|1|1|1|1|1|1|1|1|1|1|1|1|1]||[1|1|1|1|1|1|1|1|1|1|1|1|1|1|1|1|1|1|1|1]

[1|1|1|1|1|1|1|1|1|1|1|1|1|1|1|1|1|1|1|1|1|1|1|1|1|1|1|1|1|1|1|1|1|1|1|1|1|1|1]

Bottom - Up approach

[1|1|1|1|1|1|1|1|1|1|1|1|1|1|1|1|1|1|1|1|1|1|1|1|1|1|1|1|1|1|1|1|1|1|1|1|1|1|1]

[1|1|1|1|1|1|1|1|1|1|1|1|1|1|1|1|1|1|1]||[1|1|1|1|1|1|1|1|1|1|1|1|1|1|1|1|1|1|1|1]

[1|1|1|1|2|1|1|1|2|1|1|1|2|1|1|1]||[2|1|1|1|2|1|1|1|2|1|1|1|2|1|1|1]

[2|2|3|2|3|2|3|2]||[3|2|3|2|3|2|3|2] 

[4|5|5|5]||[5|5|5|5]

[9|10]||[10|10]

[19]||[20]

[39]